1403
2146
2301
2595
1304
1030
1299
2336
2262
2763
2437
315
374
2626
235
2657
2121
2006
350
776
2287
317
2346
836
2062
1520
878
2324
1602
1580
599
2709
1048
74
1639
1221
1882
271
1139
2035
1459
1226
974
1126
1726
2502
1938
2283
2650
1903
1744
2731
340
978
939
2613
2568
2710
961
594
1476
322
1108
2697
1317
522
792
1585
1786
1668
2217
1479
122
1964
619
2643
2143
420
2266
1165
1651
668
2308
2478
1769
927
2433
1104
2027
585
1265
324
2002
1928
981
1192
217
2030
2175
2254
2091
2001
2664
883
2043
113
261
841
562
1765
703
650
1377
1343
230
2020
651
1690
2648
834
1694
1843
1981
2013
2601
2000
862
314
849
2197
1222
483
580
1548
856
2261
641
306
903
1298
1790
1164
676
2119
2316
1046
1114
1501
753
1536
1562
370
907
2348
2570
2381
160
1229
2023
816
2564
2658
1307
1671
2406
178
1336
1295
505
2746
2042
1622
1497
541
280
2475
1513
27
136
1742
2456
1540
915
1933
2665
955
1798
705
1875
114
498
944
419
1959
2599
1444
2552
2140
1251
1894
1521
1679
90
1339
2645
2420
2682
2358
647
1574
572
2332
1979
2683
227
1069
2611
2017
2674
1238
1018
830
188
1195
1363
752
213
1392
1655
578
1205
499
1686
2349
319
416
1838
2007
383
533
2703
2031
439
1189
2542
765
2011
1076
111
2500
1121
93
1369
1468
59
803
2548
1370
2249
2315
2696
1098
2794
815
189
118
605
2060
2095
2462
101
1153
1441
1844
2115
971
2214
2625
1209
908
422
1680
1826
2444
2345
221
1839
1538
1287
1270
1292
1557
701
215
1599
1635
2751
193
2264
1397
1310
2335
1248
257
2762
1056
2672
2164
540
1231
700
710
1689
1043
921
1643
2667
691
1117
198
2628
820
1492
559
1535
1493
446
736
983
495
2742
2483
39
2260
1129
2512
568
984
1405
335
695
1351
437
2541
343
1263
461
956
398
913
1001
1632
1140
726
2695
2522
2234
538
551
1529
612
739
2540
548
404
15
581
1705
1756
219
2544
378
509
424
632
1014
1677
2281
764
1144
2476
2463
2434
977
2019
1353
818
846
2749
2265
1550
1830
1778
2075
1416
2330
635
1331
2070
120
1427
2415
2767
2021
2617
2347
2351
2173
1172
2
1422
2802
2701
305
1166
2333
1674
2131
2100
1512
1182
1762
1676
848
2134
369
2224
784
218
231
2691
1601
654
2306
2389
475
1433
2285
2712
1886
342
2792
2269
826
1286
577
1070
2233
1239
802
2273
689
2736
2448
146
2780
999
819
2547
2010
1312
497
2717
1100
582
817
1462
1610
1430
969
2188
1400
2489
365
655
628
2210
1667
858
1509
998
2756
2801
2063
357
1329
681
715
1801
1124
2193
875
1620
532
2690
1081
1065
1832
2329
8
458
1950
451
1208
2394
1943
312
1092
2694
2632
555
1163
1641
293
2529
1420
2198
362
107
1057
1381
845
258
1758
1471
1123
910
2636
1325
1268
2549
1530
1480
745
1240
979
1978
1219
2231
857
531
226
985
2253
747
233
17
2766
637
633
1288
946
840
1856
2344
2556
943
2597
1949
593
2004
348
773
1522
1912
1863
2416
2205
1855
1414
2573
835
866
552
790
1603
171
1835
851
892
2602
779
2321
2443
591
2388
104
283
1773
1697
1009
1615
894
2245
2705
869
2411
307
478
390
165
1803
2056
32
2417
2490
2467
2590
2421
406
1168
1816
492
2538
73
694
1768
719
1320
2455
1751
1911
133
1
1200
965
782
1715
1879
1180
986
1289
2578
243
399
270
150
1516
1460
1515
2440
2624
772
1438
1547
1258
1060
2109
2361
832
822
2108
805
799
1365
507
785
2192
289
2303
2513
2608
1373
1867
1866
268
663
2714
46
1334
1884
671
432
135
2141
912
1396
2724
205
2668
1687
2048
1435
1781
364
441
1384
2382
2519
931
2096
2067
2487
1629
1138
2068
34
1110
1246
155
2152
97
2441
1157
1447
1197
1797
2236
1526
1398
1215
2554
2716
1696
1193
467
1269
610
2686
1646
1170
542
1151
1267
1198
2605
200
2378
916
876
2603
1455
1881
2082
952
1662
1352
622
828
1716
1732
2294
50
1850
2501
683
1558
1308
1793
514
1748
625
1225
341
2313
1003
880
269
167
1965
1936
1031
41
1907
1024
1963
185
1374
1987
124
44
1539
1423
251
988
2640
1456
401
263
2293
2111
1642
1330
1218
2229
801
2110
2153
1025
2496
1932
425
152
1673
1737
440
1874
1102
456
1088
192
1486
716
77
837
2255
1609
895
2484
2630
2356
67
1380
1717
273
2186
1137
1918
2137
1111
2403
2525
166
1707
70
285
1825
1266
1411
1482
611
950
553
1944
1290
609
128
947
597
381
934
1712
476
511
1952
143
334
31
1282
1039
49
2784
879
1347
2326
2015
2615
386
482
2546
1787
434
157
1754
1042
2454
147
333
678
1407
1800
682
1393
1074
1814
1878
56
2323
831
2129
2499
2331
1723
1066
2295
173
304
1972
177
2569
2353
1871
453
1463
1188
1851
1822
2174
2271
2401
1338
2438
570
2662
2366
2644
234
1437
2177
316
2728
1616
813
2405
2623
2600
2582
2191
2799
933
352
1745
1755
1419
1898
1678
657
1869
2426
1630
905
296
2215
137
1854
1457
1909
2120
1083
1162
2773
52
1232
109
742
1604
373
2311
644
1247
1735
590
1409
172
2218
1020
469
2655
1451
1276
1233
28
2747
2228
958
1481
1553
1953
2707
149
2508
485
1253
2675
1402
666
1362
2402
1149
2503
1323
872
328
530
2252
824
1335
2397
513
377
861
2536
1775
966
1277
1648
2627
62
2779
473
468
474
1502
491
601
1122
37
2465
1899
2557
1386
1242
728
2432
2727
1633
859
2575
1957
2374
1913
2216
1644
2641
680
565
510
936
2069
1354
225
1960
1714
1216
47
917
624
2040
2259
2520
145
2461
2702
1440
623
2122
1984
2318
2337
2114
2033
1274
2340
1811
393
2758
387
161
65
2555
814
2481
255
778
1011
2391
1753
871
148
2423
2711
1228
2679
1078
2586
547
1631
1971
1089
2328
1127
1300
1589
2202
1575
1203
1721
2768
2760
2771
2039
2607
2207
2240
1982
1047
1656
1261
1664
643
2550
294
1004
1823
1813
55
2649
1135
1285
1785
717
516
574
579
1079
2574
2803
1685
169
1449
237
1761
1275
2652
2290
2737
887
19
2352
1983
2364
2752
2089
567
2071
2154
2755
2740
989
222
502
2706
918
23
1186
2689
2213
30
2510
1636
646
2055
645
561
702
418
839
2142
2408
2064
2592
1271
2036
823
1095
298
638
723
2074
228
78
1947
2149
162
808
1272
821
973
1321
1134
1063
1360
2506
131
2304
392
629
1191
600
586
1794
2384
2371
2458
503
885
1389
2085
2492
2180
1670
1660
1029
1995
2656
945
1132
669
1852
1086
1418
1747
187
2776
1309
1075
1401
512
1344
2147
1093
1375
517
521
891
11
102
1490
2299
727
1259
1853
901
1517
2049
2385
2117
53
1073
2135
51
954
853
2581
953
1230
696
2150
920
648
2473
2288
1703
1017
889
197
202
1577
1606
363
2219
693
1861
366
1719
29
1925
2398
2079
526
2092
545
1040
1291
1013
1810
299
1954
2199
426
2225
2598
2553
435
380
1364
208
2498
843
690
2718
2080
935
246
626
881
566
2380
2435
2362
2267
660
2367
949
1417
2730
898
2292
272
1313
2633
1033
2128
1506
35
2560
89
481
2778
1961
1532
1158
560
1464
2024
1474
1508
1173
2041
1805
1035
1156
2562
639
1059
2646
1224
1067
1167
2805
2052
1870
2449
99
1442
442
1588
1795
1237
2124
245
713
1161
204
391
260
1142
1666
760
800
287
154
2609
2341
2474
1541
1068
1256
1708
2099
413
1922
144
1434
1847
1605
2479
2533
618
2072
2195
2084
1566
1876
2272
1991
1595
2493
2372
1147
1619
2410
2270
2368
709
288
1050
1171
1279
1988
588
223
2469
1087
2721
1477
1659
1665
2530
1782
1858
893
1776
206
359
337
472
733
309
2791
922
550
1802
201
278
1328
1214
57
275
360
2494
2298
812
42
1034
106
2688
1663
224
1892
1905
1698
1185
1824
975
397
720
997
1808
63
2073
25
730
536
968
1593
2276
367
659
2589
569
1007
1283
1533
21
40
2097
336
1661
1840
2014
1897
2517
1770
2521
1178
1774
2232
2436
2593
2226
3
1571
1741
1710
563
2087
119
1367
873
1390
1600
115
1885
1556
2138
2789
1791
1672
518
1315
117
1647
544
236
156
1935
844
2386
1461
2257
2383
1531
2460
1116
240
411
2127
1311
1967
325
276
788
919
1618
2795
1133
1176
1739
1387
1713
982
942
1094
7
1821
2171
2596
1916
1688
1113
2527
1563
1446
2167
2790
2681
672
556
592
911
558
2424
2511
1650
346
1572
661
2733
2594
796
190
1293
1919
2325
1927
1760
1834
2162
1177
76
1058
410
302
2059
2734
2651
1738
1561
444
494
838
1337
181
1638
687
686
924
620
1757
1920
2387
2065
402
1771
1955
811
2572
896
308
1789
2428
1131
2136
301
2654
1706
1722
967
86
1199
959
1196
679
372
1091
1045
1976
229
996
274
1752
1106
914
2468
1986
267
196
320
774
407
1528
2497
1332
1316
976
1534
2354
265
18
80
2666
4
1504
606
1410
649
134
88
1028
1570
2738
1366
2418
159
909
1718
1305
2103
2051
842
740
1152
1596
1429
68
1549
1812
2708
26
1902
2277
1099
1611
1845
139
69
529
576
1500
1487
300
2166
480
2222
1996
1358
1085
84
1865
1900
712
2286
1873
754
2176
2322
2160
2404
1264
793
331
1904
2220
379
2453
1103
860
2359
457
1391
2038
1682
54
252
2539
489
2565
2698
463
1053
1160
724
2012
1453
2250
777
2726
1962
2239
653
524
1032
1551
1120
2268
899
770
2061
1591
1072
1041
2296
130
1523
58
1711
1857
2390
1372
1842
16
2442
389
1062
1613
1792
1940
707
1356
2291
519
2058
1183
326
761
1997
1491
2342
2312
385
868
2104
1465
1349
1212
2054
376
183
2369
1815
95
2107
1868
584
543
2430
2567
2158
61
797
158
1777
2338
1733
2200
1764
534
1724
656
2639
2194
327
2804
2302
1223
1893
992
596
1891
1015
45
388
957
2729
2744
382
125
537
722
1439
412
1937
295
994
1361
1413
358
2427
1179
940
506
877
1483
2412
711
2579
1699
520
2761
395
81
1054
1994
1379
2798
310
1096
571
1560
2314
347
1817
1341
1146
2700
1634
2018
1021
2482
1484
170
708
2699
762
1836
2244
2066
1254
791
2741
1204
810
2034
2409
1973
1568
2785
972
2676
763
1141
1130
827
613
2350
2116
1578
2395
2491
2118
2471
2774
1921
1190
539
2123
1448
2495
1026
1235
1296
923
1727
640
1989
1906
2800
2693
1302
930
1763
2221
1136
2629
2543
1658
244
2745
2237
284
850
2275
504
142
2419
455
1284
1683
1524
2531
1326
549
184
2659
852
2786
1975
2621
2130
323
2355
2422
1510
757
1294
749
1796
759
24
2297
1511
1627
2673
2047
2677
874
2078
589
266
1554
2505
2671
1736
718
127
1923
500
508
1037
1470
616
2376
2112
964
1833
2046
795
1931
1956
2446
744
1929
239
1145
662
1280
1702
1968
361
781
1993
1729
1112
1503
168
2050
1831
1970
1220
10
2106
450
2439
993
2379
1612
375
466
1883
1097
2765
430
2209
825
2357
697
2208
2044
368
1846
186
963
2183
743
1424
2534
1669
750
2425
449
751
1625
2504
1740
1061
1649
1159
256
1443
2248
557
2614
140
96
2377
1728
2148
1090
1181
1466
2156
1469
2284
2363
1202
477
2591
627
1101
2692
2524
2571
2201
2518
1327
1494
2631
1368
488
897
1841
1614
1684
2775
2447
1701
1306
938
1819
351
1049
1887
951
1499
1592
1518
2400
2396
1243
704
904
1445
2187
614
1378
1966
1044
2715
2057
2545
1992
1559
164
748
2725
2334
1019
354
2777
2393
1107
2247
1750
1450
1207
2637
2470
721
356
1348
1692
1395
203
216
1896
2327
2086
833
1818
1012
960
1206
2317
546
1234
9
867
1472
1542
1537
2515
1507
1376
1895
344
528
2256
2029
902
699
685
1005
1406
888
789
787
602
1700
1383
630
1000
1545
1187
94
445
1038
1297
1527
2300
1877
1807
2133
2190
2145
355
1573
1498
766
2126
1704
2370
2185
1804
1421
1576
459
1546
2480
2616
460
212
1860
291
970
2720
2003
2685
1849
2282
1799
2450
2587
642
1150
1555
1583
454
1941
2680
1404
1980
928
2077
436
2670
1303
321
349
210
1948
2612
1473
2485
163
1027
1608
990
2735
1210
729
2526
241
1901
617
421
2189
2310
2090
91
2653
2660
433
1743
1657
2748
1977
2113
1051
2551
1016
768
2094
5
1252
2759
2032
1155
1725
1319
2610
2235
1023
338
423
121
1128
1008
771
1998
396
775
1586
1653
1399
1174
2719
2139
1597
1569
1382
345
675
1488
1772
12
1227
1514
737
1621
1119
1245
1783
1184
2739
1946
153
1924
1478
1211
2584
1695
2206
2045
1584
465
286
2399
1910
2661
1118
603
575
608
1917
1342
2178
535
2407
194
452
758
470
384
925
1201
1371
1990
36
2083
2713
138
259
2170
615
2413
490
247
2635
2165
2618
2509
1626
1848
2431
72
1767
2203
447
2782
329
1759
2704
1436
191
564
254
1213
2507
20
1350
443
2537
1273
2009
2558
937
900
1567
479
2360
2452
2230
714
2319
2559
2172
631
677
2022
487
1788
2005
2181
2151
2732
2642
318
2081
886
652
1519
2514
87
1806
1357
725
1654
2619
1346
1582
403
807
1077
829
1598
2757
1731
735
371
1241
75
1301
414
1969
926
1467
82
242
2241
2723
1385
2159
698
14
408
1257
1454
2028
431
2125
755
2076
2516
1322
1859
1594
731
1709
864
100
1693
264
2604
116
1055
1278
604
1010
1281
2184
182
2274
1645
1426
279
2750
174
66
132
2576
83
1169
1244
2251
1889
303
2278
1617
1217
1587
806
980
2204
1194
2772
1143
595
207
2535
1394
2101
353
1565
141
1864
962
2488
1408
1359
1071
1691
1640
2246
2243
2196
1681
2754
2787
1914
991
1999
1581
2155
2105
621
1945
1148
573
1154
501
1766
2169
2343
1862
738
1525
854
2486
2053
882
1607
103
1934
1260
151
2457
786
1036
2445
232
1489
523
1779
941
1355
987
2606
2227
176
1109
1820
1314
1730
674
2305
400
250
1749
2037
85
732
1675
1388
1628
1939
1345
2585
1250
98
1022
780
2647
734
405
809
2678
2466
1175
2532
2523
2161
427
1115
2663
0
1958
496
1458
195
332
1908
60
636
2212
583
2561
2320
311
1006
1942
756
438
2451
884
493
855
527
2309
1064
692
906
1318
634
2093
297
2339
1002
670
798
428
13
238
2753
1125
79
2373
2622
129
2242
1052
932
1890
1428
180
1837
2098
281
2793
1255
2375
1637
1564
1082
2168
1951
209
105
1784
1888
1415
1930
2258
658
746
2770
2182
688
262
2008
1236
6
220
2144
214
2620
2764
1105
2279
38
1828
2661
2661
[0, 1, 2, 3, 4, 5, 6, 7, 8, 9, 10, 11, 12, 13, 14, 15, 16, 17, 18, 19, 20, 21, 23, 24, 25, 26, 27, 28, 29, 30, 31, 32, 34, 35, 36, 37, 38, 39, 40, 41, 42, 44, 45, 46, 47, 49, 50, 51, 52, 53, 54, 55, 56, 57, 58, 59, 60, 61, 62, 63, 65, 66, 67, 68, 69, 70, 72, 73, 74, 75, 76, 77, 78, 79, 80, 81, 82, 83, 84, 85, 86, 87, 88, 89, 90, 91, 93, 94, 95, 96, 97, 98, 99, 100, 101, 102, 103, 104, 105, 106, 107, 109, 111, 113, 114, 115, 116, 117, 118, 119, 120, 121, 122, 124, 125, 127, 128, 129, 130, 131, 132, 133, 134, 135, 136, 137, 138, 139, 140, 141, 142, 143, 144, 145, 146, 147, 148, 149, 150, 151, 152, 153, 154, 155, 156, 157, 158, 159, 160, 161, 162, 163, 164, 165, 166, 167, 168, 169, 170, 171, 172, 173, 174, 176, 177, 178, 180, 181, 182, 183, 184, 185, 186, 187, 188, 189, 190, 191, 192, 193, 194, 195, 196, 197, 198, 200, 201, 202, 203, 204, 205, 206, 207, 208, 209, 210, 212, 213, 214, 215, 216, 217, 218, 219, 220, 221, 222, 223, 224, 225, 226, 227, 228, 229, 230, 231, 232, 233, 234, 235, 236, 237, 238, 239, 240, 241, 242, 243, 244, 245, 246, 247, 250, 251, 252, 254, 255, 256, 257, 258, 259, 260, 261, 262, 263, 264, 265, 266, 267, 268, 269, 270, 271, 272, 273, 274, 275, 276, 278, 279, 280, 281, 283, 284, 285, 286, 287, 288, 289, 291, 293, 294, 295, 296, 297, 298, 299, 300, 301, 302, 303, 304, 305, 306, 307, 308, 309, 310, 311, 312, 314, 315, 316, 317, 318, 319, 320, 321, 322, 323, 324, 325, 326, 327, 328, 329, 331, 332, 333, 334, 335, 336, 337, 338, 340, 341, 342, 343, 344, 345, 346, 347, 348, 349, 350, 351, 352, 353, 354, 355, 356, 357, 358, 359, 360, 361, 362, 363, 364, 365, 366, 367, 368, 369, 370, 371, 372, 373, 374, 375, 376, 377, 378, 379, 380, 381, 382, 383, 384, 385, 386, 387, 388, 389, 390, 391, 392, 393, 395, 396, 397, 398, 399, 400, 401, 402, 403, 404, 405, 406, 407, 408, 410, 411, 412, 413, 414, 416, 418, 419, 420, 421, 422, 423, 424, 425, 426, 427, 428, 430, 431, 432, 433, 434, 435, 436, 437, 438, 439, 440, 441, 442, 443, 444, 445, 446, 447, 449, 450, 451, 452, 453, 454, 455, 456, 457, 458, 459, 460, 461, 463, 465, 466, 467, 468, 469, 470, 472, 473, 474, 475, 476, 477, 478, 479, 480, 481, 482, 483, 485, 487, 488, 489, 490, 491, 492, 493, 494, 495, 496, 497, 498, 499, 500, 501, 502, 503, 504, 505, 506, 507, 508, 509, 510, 511, 512, 513, 514, 516, 517, 518, 519, 520, 521, 522, 523, 524, 526, 527, 528, 529, 530, 531, 532, 533, 534, 535, 536, 537, 538, 539, 540, 541, 542, 543, 544, 545, 546, 547, 548, 549, 550, 551, 552, 553, 555, 556, 557, 558, 559, 560, 561, 562, 563, 564, 565, 566, 567, 568, 569, 570, 571, 572, 573, 574, 575, 576, 577, 578, 579, 580, 581, 582, 583, 584, 585, 586, 588, 589, 590, 591, 592, 593, 594, 595, 596, 597, 599, 600, 601, 602, 603, 604, 605, 606, 608, 609, 610, 611, 612, 613, 614, 615, 616, 617, 618, 619, 620, 621, 622, 623, 624, 625, 626, 627, 628, 629, 630, 631, 632, 633, 634, 635, 636, 637, 638, 639, 640, 641, 642, 643, 644, 645, 646, 647, 648, 649, 650, 651, 652, 653, 654, 655, 656, 657, 658, 659, 660, 661, 662, 663, 666, 668, 669, 670, 671, 672, 674, 675, 676, 677, 678, 679, 680, 681, 682, 683, 685, 686, 687, 688, 689, 690, 691, 692, 693, 694, 695, 696, 697, 698, 699, 700, 701, 702, 703, 704, 705, 707, 708, 709, 710, 711, 712, 713, 714, 715, 716, 717, 718, 719, 720, 721, 722, 723, 724, 725, 726, 727, 728, 729, 730, 731, 732, 733, 734, 735, 736, 737, 738, 739, 740, 742, 743, 744, 745, 746, 747, 748, 749, 750, 751, 752, 753, 754, 755, 756, 757, 758, 759, 760, 761, 762, 763, 764, 765, 766, 768, 770, 771, 772, 773, 774, 775, 776, 777, 778, 779, 780, 781, 782, 784, 785, 786, 787, 788, 789, 790, 791, 792, 793, 795, 796, 797, 798, 799, 800, 801, 802, 803, 805, 806, 807, 808, 809, 810, 811, 812, 813, 814, 815, 816, 817, 818, 819, 820, 821, 822, 823, 824, 825, 826, 827, 828, 829, 830, 831, 832, 833, 834, 835, 836, 837, 838, 839, 840, 841, 842, 843, 844, 845, 846, 848, 849, 850, 851, 852, 853, 854, 855, 856, 857, 858, 859, 860, 861, 862, 864, 866, 867, 868, 869, 871, 872, 873, 874, 875, 876, 877, 878, 879, 880, 881, 882, 883, 884, 885, 886, 887, 888, 889, 891, 892, 893, 894, 895, 896, 897, 898, 899, 900, 901, 902, 903, 904, 905, 906, 907, 908, 909, 910, 911, 912, 913, 914, 915, 916, 917, 918, 919, 920, 921, 922, 923, 924, 925, 926, 927, 928, 930, 931, 932, 933, 934, 935, 936, 937, 938, 939, 940, 941, 942, 943, 944, 945, 946, 947, 949, 950, 951, 952, 953, 954, 955, 956, 957, 958, 959, 960, 961, 962, 963, 964, 965, 966, 967, 968, 969, 970, 971, 972, 973, 974, 975, 976, 977, 978, 979, 980, 981, 982, 983, 984, 985, 986, 987, 988, 989, 990, 991, 992, 993, 994, 996, 997, 998, 999, 1000, 1001, 1002, 1003, 1004, 1005, 1006, 1007, 1008, 1009, 1010, 1011, 1012, 1013, 1014, 1015, 1016, 1017, 1018, 1019, 1020, 1021, 1022, 1023, 1024, 1025, 1026, 1027, 1028, 1029, 1030, 1031, 1032, 1033, 1034, 1035, 1036, 1037, 1038, 1039, 1040, 1041, 1042, 1043, 1044, 1045, 1046, 1047, 1048, 1049, 1050, 1051, 1052, 1053, 1054, 1055, 1056, 1057, 1058, 1059, 1060, 1061, 1062, 1063, 1064, 1065, 1066, 1067, 1068, 1069, 1070, 1071, 1072, 1073, 1074, 1075, 1076, 1077, 1078, 1079, 1081, 1082, 1083, 1085, 1086, 1087, 1088, 1089, 1090, 1091, 1092, 1093, 1094, 1095, 1096, 1097, 1098, 1099, 1100, 1101, 1102, 1103, 1104, 1105, 1106, 1107, 1108, 1109, 1110, 1111, 1112, 1113, 1114, 1115, 1116, 1117, 1118, 1119, 1120, 1121, 1122, 1123, 1124, 1125, 1126, 1127, 1128, 1129, 1130, 1131, 1132, 1133, 1134, 1135, 1136, 1137, 1138, 1139, 1140, 1141, 1142, 1143, 1144, 1145, 1146, 1147, 1148, 1149, 1150, 1151, 1152, 1153, 1154, 1155, 1156, 1157, 1158, 1159, 1160, 1161, 1162, 1163, 1164, 1165, 1166, 1167, 1168, 1169, 1170, 1171, 1172, 1173, 1174, 1175, 1176, 1177, 1178, 1179, 1180, 1181, 1182, 1183, 1184, 1185, 1186, 1187, 1188, 1189, 1190, 1191, 1192, 1193, 1194, 1195, 1196, 1197, 1198, 1199, 1200, 1201, 1202, 1203, 1204, 1205, 1206, 1207, 1208, 1209, 1210, 1211, 1212, 1213, 1214, 1215, 1216, 1217, 1218, 1219, 1220, 1221, 1222, 1223, 1224, 1225, 1226, 1227, 1228, 1229, 1230, 1231, 1232, 1233, 1234, 1235, 1236, 1237, 1238, 1239, 1240, 1241, 1242, 1243, 1244, 1245, 1246, 1247, 1248, 1250, 1251, 1252, 1253, 1254, 1255, 1256, 1257, 1258, 1259, 1260, 1261, 1263, 1264, 1265, 1266, 1267, 1268, 1269, 1270, 1271, 1272, 1273, 1274, 1275, 1276, 1277, 1278, 1279, 1280, 1281, 1282, 1283, 1284, 1285, 1286, 1287, 1288, 1289, 1290, 1291, 1292, 1293, 1294, 1295, 1296, 1297, 1298, 1299, 1300, 1301, 1302, 1303, 1304, 1305, 1306, 1307, 1308, 1309, 1310, 1311, 1312, 1313, 1314, 1315, 1316, 1317, 1318, 1319, 1320, 1321, 1322, 1323, 1325, 1326, 1327, 1328, 1329, 1330, 1331, 1332, 1334, 1335, 1336, 1337, 1338, 1339, 1341, 1342, 1343, 1344, 1345, 1346, 1347, 1348, 1349, 1350, 1351, 1352, 1353, 1354, 1355, 1356, 1357, 1358, 1359, 1360, 1361, 1362, 1363, 1364, 1365, 1366, 1367, 1368, 1369, 1370, 1371, 1372, 1373, 1374, 1375, 1376, 1377, 1378, 1379, 1380, 1381, 1382, 1383, 1384, 1385, 1386, 1387, 1388, 1389, 1390, 1391, 1392, 1393, 1394, 1395, 1396, 1397, 1398, 1399, 1400, 1401, 1402, 1403, 1404, 1405, 1406, 1407, 1408, 1409, 1410, 1411, 1413, 1414, 1415, 1416, 1417, 1418, 1419, 1420, 1421, 1422, 1423, 1424, 1426, 1427, 1428, 1429, 1430, 1433, 1434, 1435, 1436, 1437, 1438, 1439, 1440, 1441, 1442, 1443, 1444, 1445, 1446, 1447, 1448, 1449, 1450, 1451, 1453, 1454, 1455, 1456, 1457, 1458, 1459, 1460, 1461, 1462, 1463, 1464, 1465, 1466, 1467, 1468, 1469, 1470, 1471, 1472, 1473, 1474, 1476, 1477, 1478, 1479, 1480, 1481, 1482, 1483, 1484, 1486, 1487, 1488, 1489, 1490, 1491, 1492, 1493, 1494, 1497, 1498, 1499, 1500, 1501, 1502, 1503, 1504, 1506, 1507, 1508, 1509, 1510, 1511, 1512, 1513, 1514, 1515, 1516, 1517, 1518, 1519, 1520, 1521, 1522, 1523, 1524, 1525, 1526, 1527, 1528, 1529, 1530, 1531, 1532, 1533, 1534, 1535, 1536, 1537, 1538, 1539, 1540, 1541, 1542, 1545, 1546, 1547, 1548, 1549, 1550, 1551, 1553, 1554, 1555, 1556, 1557, 1558, 1559, 1560, 1561, 1562, 1563, 1564, 1565, 1566, 1567, 1568, 1569, 1570, 1571, 1572, 1573, 1574, 1575, 1576, 1577, 1578, 1580, 1581, 1582, 1583, 1584, 1585, 1586, 1587, 1588, 1589, 1591, 1592, 1593, 1594, 1595, 1596, 1597, 1598, 1599, 1600, 1601, 1602, 1603, 1604, 1605, 1606, 1607, 1608, 1609, 1610, 1611, 1612, 1613, 1614, 1615, 1616, 1617, 1618, 1619, 1620, 1621, 1622, 1625, 1626, 1627, 1628, 1629, 1630, 1631, 1632, 1633, 1634, 1635, 1636, 1637, 1638, 1639, 1640, 1641, 1642, 1643, 1644, 1645, 1646, 1647, 1648, 1649, 1650, 1651, 1653, 1654, 1655, 1656, 1657, 1658, 1659, 1660, 1661, 1662, 1663, 1664, 1665, 1666, 1667, 1668, 1669, 1670, 1671, 1672, 1673, 1674, 1675, 1676, 1677, 1678, 1679, 1680, 1681, 1682, 1683, 1684, 1685, 1686, 1687, 1688, 1689, 1690, 1691, 1692, 1693, 1694, 1695, 1696, 1697, 1698, 1699, 1700, 1701, 1702, 1703, 1704, 1705, 1706, 1707, 1708, 1709, 1710, 1711, 1712, 1713, 1714, 1715, 1716, 1717, 1718, 1719, 1721, 1722, 1723, 1724, 1725, 1726, 1727, 1728, 1729, 1730, 1731, 1732, 1733, 1735, 1736, 1737, 1738, 1739, 1740, 1741, 1742, 1743, 1744, 1745, 1747, 1748, 1749, 1750, 1751, 1752, 1753, 1754, 1755, 1756, 1757, 1758, 1759, 1760, 1761, 1762, 1763, 1764, 1765, 1766, 1767, 1768, 1769, 1770, 1771, 1772, 1773, 1774, 1775, 1776, 1777, 1778, 1779, 1781, 1782, 1783, 1784, 1785, 1786, 1787, 1788, 1789, 1790, 1791, 1792, 1793, 1794, 1795, 1796, 1797, 1798, 1799, 1800, 1801, 1802, 1803, 1804, 1805, 1806, 1807, 1808, 1810, 1811, 1812, 1813, 1814, 1815, 1816, 1817, 1818, 1819, 1820, 1821, 1822, 1823, 1824, 1825, 1826, 1828, 1830, 1831, 1832, 1833, 1834, 1835, 1836, 1837, 1838, 1839, 1840, 1841, 1842, 1843, 1844, 1845, 1846, 1847, 1848, 1849, 1850, 1851, 1852, 1853, 1854, 1855, 1856, 1857, 1858, 1859, 1860, 1861, 1862, 1863, 1864, 1865, 1866, 1867, 1868, 1869, 1870, 1871, 1873, 1874, 1875, 1876, 1877, 1878, 1879, 1881, 1882, 1883, 1884, 1885, 1886, 1887, 1888, 1889, 1890, 1891, 1892, 1893, 1894, 1895, 1896, 1897, 1898, 1899, 1900, 1901, 1902, 1903, 1904, 1905, 1906, 1907, 1908, 1909, 1910, 1911, 1912, 1913, 1914, 1916, 1917, 1918, 1919, 1920, 1921, 1922, 1923, 1924, 1925, 1927, 1928, 1929, 1930, 1931, 1932, 1933, 1934, 1935, 1936, 1937, 1938, 1939, 1940, 1941, 1942, 1943, 1944, 1945, 1946, 1947, 1948, 1949, 1950, 1951, 1952, 1953, 1954, 1955, 1956, 1957, 1958, 1959, 1960, 1961, 1962, 1963, 1964, 1965, 1966, 1967, 1968, 1969, 1970, 1971, 1972, 1973, 1975, 1976, 1977, 1978, 1979, 1980, 1981, 1982, 1983, 1984, 1986, 1987, 1988, 1989, 1990, 1991, 1992, 1993, 1994, 1995, 1996, 1997, 1998, 1999, 2000, 2001, 2002, 2003, 2004, 2005, 2006, 2007, 2008, 2009, 2010, 2011, 2012, 2013, 2014, 2015, 2017, 2018, 2019, 2020, 2021, 2022, 2023, 2024, 2027, 2028, 2029, 2030, 2031, 2032, 2033, 2034, 2035, 2036, 2037, 2038, 2039, 2040, 2041, 2042, 2043, 2044, 2045, 2046, 2047, 2048, 2049, 2050, 2051, 2052, 2053, 2054, 2055, 2056, 2057, 2058, 2059, 2060, 2061, 2062, 2063, 2064, 2065, 2066, 2067, 2068, 2069, 2070, 2071, 2072, 2073, 2074, 2075, 2076, 2077, 2078, 2079, 2080, 2081, 2082, 2083, 2084, 2085, 2086, 2087, 2089, 2090, 2091, 2092, 2093, 2094, 2095, 2096, 2097, 2098, 2099, 2100, 2101, 2103, 2104, 2105, 2106, 2107, 2108, 2109, 2110, 2111, 2112, 2113, 2114, 2115, 2116, 2117, 2118, 2119, 2120, 2121, 2122, 2123, 2124, 2125, 2126, 2127, 2128, 2129, 2130, 2131, 2133, 2134, 2135, 2136, 2137, 2138, 2139, 2140, 2141, 2142, 2143, 2144, 2145, 2146, 2147, 2148, 2149, 2150, 2151, 2152, 2153, 2154, 2155, 2156, 2158, 2159, 2160, 2161, 2162, 2164, 2165, 2166, 2167, 2168, 2169, 2170, 2171, 2172, 2173, 2174, 2175, 2176, 2177, 2178, 2180, 2181, 2182, 2183, 2184, 2185, 2186, 2187, 2188, 2189, 2190, 2191, 2192, 2193, 2194, 2195, 2196, 2197, 2198, 2199, 2200, 2201, 2202, 2203, 2204, 2205, 2206, 2207, 2208, 2209, 2210, 2212, 2213, 2214, 2215, 2216, 2217, 2218, 2219, 2220, 2221, 2222, 2224, 2225, 2226, 2227, 2228, 2229, 2230, 2231, 2232, 2233, 2234, 2235, 2236, 2237, 2239, 2240, 2241, 2242, 2243, 2244, 2245, 2246, 2247, 2248, 2249, 2250, 2251, 2252, 2253, 2254, 2255, 2256, 2257, 2258, 2259, 2260, 2261, 2262, 2264, 2265, 2266, 2267, 2268, 2269, 2270, 2271, 2272, 2273, 2274, 2275, 2276, 2277, 2278, 2279, 2281, 2282, 2283, 2284, 2285, 2286, 2287, 2288, 2290, 2291, 2292, 2293, 2294, 2295, 2296, 2297, 2298, 2299, 2300, 2301, 2302, 2303, 2304, 2305, 2306, 2308, 2309, 2310, 2311, 2312, 2313, 2314, 2315, 2316, 2317, 2318, 2319, 2320, 2321, 2322, 2323, 2324, 2325, 2326, 2327, 2328, 2329, 2330, 2331, 2332, 2333, 2334, 2335, 2336, 2337, 2338, 2339, 2340, 2341, 2342, 2343, 2344, 2345, 2346, 2347, 2348, 2349, 2350, 2351, 2352, 2353, 2354, 2355, 2356, 2357, 2358, 2359, 2360, 2361, 2362, 2363, 2364, 2366, 2367, 2368, 2369, 2370, 2371, 2372, 2373, 2374, 2375, 2376, 2377, 2378, 2379, 2380, 2381, 2382, 2383, 2384, 2385, 2386, 2387, 2388, 2389, 2390, 2391, 2393, 2394, 2395, 2396, 2397, 2398, 2399, 2400, 2401, 2402, 2403, 2404, 2405, 2406, 2407, 2408, 2409, 2410, 2411, 2412, 2413, 2415, 2416, 2417, 2418, 2419, 2420, 2421, 2422, 2423, 2424, 2425, 2426, 2427, 2428, 2430, 2431, 2432, 2433, 2434, 2435, 2436, 2437, 2438, 2439, 2440, 2441, 2442, 2443, 2444, 2445, 2446, 2447, 2448, 2449, 2450, 2451, 2452, 2453, 2454, 2455, 2456, 2457, 2458, 2460, 2461, 2462, 2463, 2465, 2466, 2467, 2468, 2469, 2470, 2471, 2473, 2474, 2475, 2476, 2478, 2479, 2480, 2481, 2482, 2483, 2484, 2485, 2486, 2487, 2488, 2489, 2490, 2491, 2492, 2493, 2494, 2495, 2496, 2497, 2498, 2499, 2500, 2501, 2502, 2503, 2504, 2505, 2506, 2507, 2508, 2509, 2510, 2511, 2512, 2513, 2514, 2515, 2516, 2517, 2518, 2519, 2520, 2521, 2522, 2523, 2524, 2525, 2526, 2527, 2529, 2530, 2531, 2532, 2533, 2534, 2535, 2536, 2537, 2538, 2539, 2540, 2541, 2542, 2543, 2544, 2545, 2546, 2547, 2548, 2549, 2550, 2551, 2552, 2553, 2554, 2555, 2556, 2557, 2558, 2559, 2560, 2561, 2562, 2564, 2565, 2567, 2568, 2569, 2570, 2571, 2572, 2573, 2574, 2575, 2576, 2578, 2579, 2581, 2582, 2584, 2585, 2586, 2587, 2589, 2590, 2591, 2592, 2593, 2594, 2595, 2596, 2597, 2598, 2599, 2600, 2601, 2602, 2603, 2604, 2605, 2606, 2607, 2608, 2609, 2610, 2611, 2612, 2613, 2614, 2615, 2616, 2617, 2618, 2619, 2620, 2621, 2622, 2623, 2624, 2625, 2626, 2627, 2628, 2629, 2630, 2631, 2632, 2633, 2635, 2636, 2637, 2639, 2640, 2641, 2642, 2643, 2644, 2645, 2646, 2647, 2648, 2649, 2650, 2651, 2652, 2653, 2654, 2655, 2656, 2657, 2658, 2659, 2660, 2661, 2662, 2663, 2664, 2665, 2666, 2667, 2668, 2670, 2671, 2672, 2673, 2674, 2675, 2676, 2677, 2678, 2679, 2680, 2681, 2682, 2683, 2685, 2686, 2688, 2689, 2690, 2691, 2692, 2693, 2694, 2695, 2696, 2697, 2698, 2699, 2700, 2701, 2702, 2703, 2704, 2705, 2706, 2707, 2708, 2709, 2710, 2711, 2712, 2713, 2714, 2715, 2716, 2717, 2718, 2719, 2720, 2721, 2723, 2724, 2725, 2726, 2727, 2728, 2729, 2730, 2731, 2732, 2733, 2734, 2735, 2736, 2737, 2738, 2739, 2740, 2741, 2742, 2744, 2745, 2746, 2747, 2748, 2749, 2750, 2751, 2752, 2753, 2754, 2755, 2756, 2757, 2758, 2759, 2760, 2761, 2762, 2763, 2764, 2765, 2766, 2767, 2768, 2770, 2771, 2772, 2773, 2774, 2775, 2776, 2777, 2778, 2779, 2780, 2782, 2784, 2785, 2786, 2787, 2789, 2790, 2791, 2792, 2793, 2794, 2795, 2798, 2799, 2800, 2801, 2802, 2803, 2804, 2805]
0
1
2
3
4
5
6
7
8
9
10
11
12
13
14
15
16
17
18
19
20
21
23
24
25
26
27
28
29
30
31
32
34
35
36
37
38
39
40
41
42
44
45
46
47
49
50
51
52
53
54
55
56
57
58
59
60
61
62
63
65
66
67
68
69
70
72
73
74
75
76
77
78
79
80
81
82
83
84
85
86
87
88
89
90
91
93
94
95
96
97
98
99
100
101
102
103
104
105
106
107
109
111
113
114
115
116
117
118
119
120
121
122
124
125
127
128
129
130
131
132
133
134
135
136
137
138
139
140
141
142
143
144
145
146
147
148
149
150
151
152
153
154
155
156
157
158
159
160
161
162
163
164
165
166
167
168
169
170
171
172
173
174
176
177
178
180
181
182
183
184
185
186
187
188
189
190
191
192
193
194
195
196
197
198
200
201
202
203
204
205
206
207
208
209
210
212
213
214
215
216
217
218
219
220
221
222
223
224
225
226
227
228
229
230
231
232
233
234
235
236
237
238
239
240
241
242
243
244
245
246
247
250
251
252
254
255
256
257
258
259
260
261
262
263
264
265
266
267
268
269
270
271
272
273
274
275
276
278
279
280
281
283
284
285
286
287
288
289
291
293
294
295
296
297
298
299
300
301
302
303
304
305
306
307
308
309
310
311
312
314
315
316
317
318
319
320
321
322
323
324
325
326
327
328
329
331
332
333
334
335
336
337
338
340
341
342
343
344
345
346
347
348
349
350
351
352
353
354
355
356
357
358
359
360
361
362
363
364
365
366
367
368
369
370
371
372
373
374
375
376
377
378
379
380
381
382
383
384
385
386
387
388
389
390
391
392
393
395
396
397
398
399
400
401
402
403
404
405
406
407
408
410
411
412
413
414
416
418
419
420
421
422
423
424
425
426
427
428
430
431
432
433
434
435
436
437
438
439
440
441
442
443
444
445
446
447
449
450
451
452
453
454
455
456
457
458
459
460
461
463
465
466
467
468
469
470
472
473
474
475
476
477
478
479
480
481
482
483
485
487
488
489
490
491
492
493
494
495
496
497
498
499
500
501
502
503
504
505
506
507
508
509
510
511
512
513
514
516
517
518
519
520
521
522
523
524
526
527
528
529
530
531
532
533
534
535
536
537
538
539
540
541
542
543
544
545
546
547
548
549
550
551
552
553
555
556
557
558
559
560
561
562
563
564
565
566
567
568
569
570
571
572
573
574
575
576
577
578
579
580
581
582
583
584
585
586
588
589
590
591
592
593
594
595
596
597
599
600
601
602
603
604
605
606
608
609
610
611
612
613
614
615
616
617
618
619
620
621
622
623
624
625
626
627
628
629
630
631
632
633
634
635
636
637
638
639
640
641
642
643
644
645
646
647
648
649
650
651
652
653
654
655
656
657
658
659
660
661
662
663
666
668
669
670
671
672
674
675
676
677
678
679
680
681
682
683
685
686
687
688
689
690
691
692
693
694
695
696
697
698
699
700
701
702
703
704
705
707
708
709
710
711
712
713
714
715
716
717
718
719
720
721
722
723
724
725
726
727
728
729
730
731
732
733
734
735
736
737
738
739
740
742
743
744
745
746
747
748
749
750
751
752
753
754
755
756
757
758
759
760
761
762
763
764
765
766
768
770
771
772
773
774
775
776
777
778
779
780
781
782
784
785
786
787
788
789
790
791
792
793
795
796
797
798
799
800
801
802
803
805
806
807
808
809
810
811
812
813
814
815
816
817
818
819
820
821
822
823
824
825
826
827
828
829
830
831
832
833
834
835
836
837
838
839
840
841
842
843
844
845
846
848
849
850
851
852
853
854
855
856
857
858
859
860
861
862
864
866
867
868
869
871
872
873
874
875
876
877
878
879
880
881
882
883
884
885
886
887
888
889
891
892
893
894
895
896
897
898
899
900
901
902
903
904
905
906
907
908
909
910
911
912
913
914
915
916
917
918
919
920
921
922
923
924
925
926
927
928
930
931
932
933
934
935
936
937
938
939
940
941
942
943
944
945
946
947
949
950
951
952
953
954
955
956
957
958
959
960
961
962
963
964
965
966
967
968
969
970
971
972
973
974
975
976
977
978
979
980
981
982
983
984
985
986
987
988
989
990
991
992
993
994
996
997
998
999
1000
1001
1002
1003
1004
1005
1006
1007
1008
1009
1010
1011
1012
1013
1014
1015
1016
1017
1018
1019
1020
1021
1022
1023
1024
1025
1026
1027
1028
1029
1030
1031
1032
1033
1034
1035
1036
1037
1038
1039
1040
1041
1042
1043
1044
1045
1046
1047
1048
1049
1050
1051
1052
1053
1054
1055
1056
1057
1058
1059
1060
1061
1062
1063
1064
1065
1066
1067
1068
1069
1070
1071
1072
1073
1074
1075
1076
1077
1078
1079
1081
1082
1083
1085
1086
1087
1088
1089
1090
1091
1092
1093
1094
1095
1096
1097
1098
1099
1100
1101
1102
1103
1104
1105
1106
1107
1108
1109
1110
1111
1112
1113
1114
1115
1116
1117
1118
1119
1120
1121
1122
1123
1124
1125
1126
1127
1128
1129
1130
1131
1132
1133
1134
1135
1136
1137
1138
1139
1140
1141
1142
1143
1144
1145
1146
1147
1148
1149
1150
1151
1152
1153
1154
1155
1156
1157
1158
1159
1160
1161
1162
1163
1164
1165
1166
1167
1168
1169
1170
1171
1172
1173
1174
1175
1176
1177
1178
1179
1180
1181
1182
1183
1184
1185
1186
1187
1188
1189
1190
1191
1192
1193
1194
1195
1196
1197
1198
1199
1200
1201
1202
1203
1204
1205
1206
1207
1208
1209
1210
1211
1212
1213
1214
1215
1216
1217
1218
1219
1220
1221
1222
1223
1224
1225
1226
1227
1228
1229
1230
1231
1232
1233
1234
1235
1236
1237
1238
1239
1240
1241
1242
1243
1244
1245
1246
1247
1248
1250
1251
1252
1253
1254
1255
1256
1257
1258
1259
1260
1261
1263
1264
1265
1266
1267
1268
1269
1270
1271
1272
1273
1274
1275
1276
1277
1278
1279
1280
1281
1282
1283
1284
1285
1286
1287
1288
1289
1290
1291
1292
1293
1294
1295
1296
1297
1298
1299
1300
1301
1302
1303
1304
1305
1306
1307
1308
1309
1310
1311
1312
1313
1314
1315
1316
1317
1318
1319
1320
1321
1322
1323
1325
1326
1327
1328
1329
1330
1331
1332
1334
1335
1336
1337
1338
1339
1341
1342
1343
1344
1345
1346
1347
1348
1349
1350
1351
1352
1353
1354
1355
1356
1357
1358
1359
1360
1361
1362
1363
1364
1365
1366
1367
1368
1369
1370
1371
1372
1373
1374
1375
1376
1377
1378
1379
1380
1381
1382
1383
1384
1385
1386
1387
1388
1389
1390
1391
1392
1393
1394
1395
1396
1397
1398
1399
1400
1401
1402
1403
1404
1405
1406
1407
1408
1409
1410
1411
1413
1414
1415
1416
1417
1418
1419
1420
1421
1422
1423
1424
1426
1427
1428
1429
1430
1433
1434
1435
1436
1437
1438
1439
1440
1441
1442
1443
1444
1445
1446
1447
1448
1449
1450
1451
1453
1454
1455
1456
1457
1458
1459
1460
1461
1462
1463
1464
1465
1466
1467
1468
1469
1470
1471
1472
1473
1474
1476
1477
1478
1479
1480
1481
1482
1483
1484
1486
1487
1488
1489
1490
1491
1492
1493
1494
1497
1498
1499
1500
1501
1502
1503
1504
1506
1507
1508
1509
1510
1511
1512
1513
1514
1515
1516
1517
1518
1519
1520
1521
1522
1523
1524
1525
1526
1527
1528
1529
1530
1531
1532
1533
1534
1535
1536
1537
1538
1539
1540
1541
1542
1545
1546
1547
1548
1549
1550
1551
1553
1554
1555
1556
1557
1558
1559
1560
1561
1562
1563
1564
1565
1566
1567
1568
1569
1570
1571
1572
1573
1574
1575
1576
1577
1578
1580
1581
1582
1583
1584
1585
1586
1587
1588
1589
1591
1592
1593
1594
1595
1596
1597
1598
1599
1600
1601
1602
1603
1604
1605
1606
1607
1608
1609
1610
1611
1612
1613
1614
1615
1616
1617
1618
1619
1620
1621
1622
1625
1626
1627
1628
1629
1630
1631
1632
1633
1634
1635
1636
1637
1638
1639
1640
1641
1642
1643
1644
1645
1646
1647
1648
1649
1650
1651
1653
1654
1655
1656
1657
1658
1659
1660
1661
1662
1663
1664
1665
1666
1667
1668
1669
1670
1671
1672
1673
1674
1675
1676
1677
1678
1679
1680
1681
1682
1683
1684
1685
1686
1687
1688
1689
1690
1691
1692
1693
1694
1695
1696
1697
1698
1699
1700
1701
1702
1703
1704
1705
1706
1707
1708
1709
1710
1711
1712
1713
1714
1715
1716
1717
1718
1719
1721
1722
1723
1724
1725
1726
1727
1728
1729
1730
1731
1732
1733
1735
1736
1737
1738
1739
1740
1741
1742
1743
1744
1745
1747
1748
1749
1750
1751
1752
1753
1754
1755
1756
1757
1758
1759
1760
1761
1762
1763
1764
1765
1766
1767
1768
1769
1770
1771
1772
1773
1774
1775
1776
1777
1778
1779
1781
1782
1783
1784
1785
1786
1787
1788
1789
1790
1791
1792
1793
1794
1795
1796
1797
1798
1799
1800
1801
1802
1803
1804
1805
1806
1807
1808
1810
1811
1812
1813
1814
1815
1816
1817
1818
1819
1820
1821
1822
1823
1824
1825
1826
1828
1830
1831
1832
1833
1834
1835
1836
1837
1838
1839
1840
1841
1842
1843
1844
1845
1846
1847
1848
1849
1850
1851
1852
1853
1854
1855
1856
1857
1858
1859
1860
1861
1862
1863
1864
1865
1866
1867
1868
1869
1870
1871
1873
1874
1875
1876
1877
1878
1879
1881
1882
1883
1884
1885
1886
1887
1888
1889
1890
1891
1892
1893
1894
1895
1896
1897
1898
1899
1900
1901
1902
1903
1904
1905
1906
1907
1908
1909
1910
1911
1912
1913
1914
1916
1917
1918
1919
1920
1921
1922
1923
1924
1925
1927
1928
1929
1930
1931
1932
1933
1934
1935
1936
1937
1938
1939
1940
1941
1942
1943
1944
1945
1946
1947
1948
1949
1950
1951
1952
1953
1954
1955
1956
1957
1958
1959
1960
1961
1962
1963
1964
1965
1966
1967
1968
1969
1970
1971
1972
1973
1975
1976
1977
1978
1979
1980
1981
1982
1983
1984
1986
1987
1988
1989
1990
1991
1992
1993
1994
1995
1996
1997
1998
1999
2000
2001
2002
2003
2004
2005
2006
2007
2008
2009
2010
2011
2012
2013
2014
2015
2017
2018
2019
2020
2021
2022
2023
2024
2027
2028
2029
2030
2031
2032
2033
2034
2035
2036
2037
2038
2039
2040
2041
2042
2043
2044
2045
2046
2047
2048
2049
2050
2051
2052
2053
2054
2055
2056
2057
2058
2059
2060
2061
2062
2063
2064
2065
2066
2067
2068
2069
2070
2071
2072
2073
2074
2075
2076
2077
2078
2079
2080
2081
2082
2083
2084
2085
2086
2087
2089
2090
2091
2092
2093
2094
2095
2096
2097
2098
2099
2100
2101
2103
2104
2105
2106
2107
2108
2109
2110
2111
2112
2113
2114
2115
2116
2117
2118
2119
2120
2121
2122
2123
2124
2125
2126
2127
2128
2129
2130
2131
2133
2134
2135
2136
2137
2138
2139
2140
2141
2142
2143
2144
2145
2146
2147
2148
2149
2150
2151
2152
2153
2154
2155
2156
2158
2159
2160
2161
2162
2164
2165
2166
2167
2168
2169
2170
2171
2172
2173
2174
2175
2176
2177
2178
2180
2181
2182
2183
2184
2185
2186
2187
2188
2189
2190
2191
2192
2193
2194
2195
2196
2197
2198
2199
2200
2201
2202
2203
2204
2205
2206
2207
2208
2209
2210
2212
2213
2214
2215
2216
2217
2218
2219
2220
2221
2222
2224
2225
2226
2227
2228
2229
2230
2231
2232
2233
2234
2235
2236
2237
2239
2240
2241
2242
2243
2244
2245
2246
2247
2248
2249
2250
2251
2252
2253
2254
2255
2256
2257
2258
2259
2260
2261
2262
2264
2265
2266
2267
2268
2269
2270
2271
2272
2273
2274
2275
2276
2277
2278
2279
2281
2282
2283
2284
2285
2286
2287
2288
2290
2291
2292
2293
2294
2295
2296
2297
2298
2299
2300
2301
2302
2303
2304
2305
2306
2308
2309
2310
2311
2312
2313
2314
2315
2316
2317
2318
2319
2320
2321
2322
2323
2324
2325
2326
2327
2328
2329
2330
2331
2332
2333
2334
2335
2336
2337
2338
2339
2340
2341
2342
2343
2344
2345
2346
2347
2348
2349
2350
2351
2352
2353
2354
2355
2356
2357
2358
2359
2360
2361
2362
2363
2364
2366
2367
2368
2369
2370
2371
2372
2373
2374
2375
2376
2377
2378
2379
2380
2381
2382
2383
2384
2385
2386
2387
2388
2389
2390
2391
2393
2394
2395
2396
2397
2398
2399
2400
2401
2402
2403
2404
2405
2406
2407
2408
2409
2410
2411
2412
2413
2415
2416
2417
2418
2419
2420
2421
2422
2423
2424
2425
2426
2427
2428
2430
2431
2432
2433
2434
2435
2436
2437
2438
2439
2440
2441
2442
2443
2444
2445
2446
2447
2448
2449
2450
2451
2452
2453
2454
2455
2456
2457
2458
2460
2461
2462
2463
2465
2466
2467
2468
2469
2470
2471
2473
2474
2475
2476
2478
2479
2480
2481
2482
2483
2484
2485
2486
2487
2488
2489
2490
2491
2492
2493
2494
2495
2496
2497
2498
2499
2500
2501
2502
2503
2504
2505
2506
2507
2508
2509
2510
2511
2512
2513
2514
2515
2516
2517
2518
2519
2520
2521
2522
2523
2524
2525
2526
2527
2529
2530
2531
2532
2533
2534
2535
2536
2537
2538
2539
2540
2541
2542
2543
2544
2545
2546
2547
2548
2549
2550
2551
2552
2553
2554
2555
2556
2557
2558
2559
2560
2561
2562
2564
2565
2567
2568
2569
2570
2571
2572
2573
2574
2575
2576
2578
2579
2581
2582
2584
2585
2586
2587
2589
2590
2591
2592
2593
2594
2595
2596
2597
2598
2599
2600
2601
2602
2603
2604
2605
2606
2607
2608
2609
2610
2611
2612
2613
2614
2615
2616
2617
2618
2619
2620
2621
2622
2623
2624
2625
2626
2627
2628
2629
2630
2631
2632
2633
2635
2636
2637
2639
2640
2641
2642
2643
2644
2645
2646
2647
2648
2649
2650
2651
2652
2653
2654
2655
2656
2657
2658
2659
2660
2661
2662
2663
2664
2665
2666
2667
2668
2670
2671
2672
2673
2674
2675
2676
2677
2678
2679
2680
2681
2682
2683
2685
2686
2688
2689
2690
2691
2692
2693
2694
2695
2696
2697
2698
2699
2700
2701
2702
2703
2704
2705
2706
2707
2708
2709
2710
2711
2712
2713
2714
2715
2716
2717
2718
2719
2720
2721
2723
2724
2725
2726
2727
2728
2729
2730
2731
2732
2733
2734
2735
2736
2737
2738
2739
2740
2741
2742
2744
2745
2746
2747
2748
2749
2750
2751
2752
2753
2754
2755
2756
2757
2758
2759
2760
2761
2762
2763
2764
2765
2766
2767
2768
2770
2771
2772
2773
2774
2775
2776
2777
2778
2779
2780
2782
2784
2785
2786
2787
2789
2790
2791
2792
2793
2794
2795
2798
2799
2800
2801
2802
2803
2804
2805
